Translate 0 22 0
ConcatTransform [ 0.282326013 0.933754325 -0.219988286 0 -0.614639103 8.32667268e-17 -0.788808405 0 -0.736553311 0.357914537 0.573921978 0 9.09468269 13.7020779 415.670319 1  ]
#Camera "perspective" "float fov" [4.50971299385]
Camera "perspective" 
        "float fov" [ 12 ] 

Film "image" 
        "integer xresolution" [ 1920 ] 
        "integer yresolution" [ 840 ] 
        "string filename" [ "frame542.exr" ] 
        "float maxsampleluminance" 10
# imgtool convert -bloomlevel 1 frame542.exr frame542.png

Sampler "sobol" 
        "integer pixelsamples" [ 1024 ] 
Integrator "path" 
        "integer maxdepth" [ 64 ] 
        "float rrthreshold" 0


WorldBegin


AttributeBegin
    Rotate 220 0 1 0
    Rotate 90 1 0 0
    LightSource "infinite" 
            "string mapname" [ "sky.exr" ] 
            "rgb L" [ 6 6 6 ] 
AttributeEnd
Material "glass" 

AttributeBegin
    ObjectBegin "single arm 0"

    AttributeBegin
        # hinge.1
        ConcatTransform [ 0.472284079 -0.102735169 0.875438869 0 0.282605559 0.958402276 -0.0399896428 0 -0.834914267 0.266290367 0.481671661 0 -4156.90186 2840.07666 -1567.93066 1  ]

        AttributeBegin
            # rivet-1
            ConcatTransform [ 0.321276128 0.0300157126 -0.946509778 0 -0.00746409828 0.999546766 0.0291640647 0 0.946956158 -0.00230487599 0.321354568 0 -76.7146683 12.9944983 792.423767 1  ]

            AttributeBegin
                # rivet::screw three

                AttributeBegin
                    # rivet::Sphere.1
                    ConcatTransform [ 1 1.22464685e-16 -1.22464685e-16 0 -4.18068497e-17 0.341378838 -2.6139847e-16 0 1.22464685e-16 7.65713761e-16 1 0 -3.28572726 -42.4068527 15.2099066 1  ]
                AttributeEnd

                AttributeBegin
                    # rivet::Tube.8
                    ConcatTransform [ 1 -0 -2.66453526e-15 0 -2.29812456e-30 0.323690981 -8.62486058e-16 0 2.66453526e-15 2.66453526e-15 1 0 -3.28572726 -26.1862144 15.2099066 1  ]
                AttributeEnd
            AttributeEnd
        AttributeEnd

        AttributeBegin
            # rivet-2
            ConcatTransform [ 0.321276128 0.0300157126 -0.946509778 0 -0.00746409828 0.999546766 0.0291640647 0 0.946956158 -0.00230487599 0.321354568 0 7.04245758 36.507309 8.00014687 1  ]

            AttributeBegin
                # rivet::screw three

                AttributeBegin
                    # rivet::Sphere.1
                    ConcatTransform [ 1 1.22464685e-16 -1.22464685e-16 0 -4.18068497e-17 0.341378838 -2.6139847e-16 0 1.22464685e-16 7.65713761e-16 1 0 -3.28572726 -42.4068527 15.2099066 1  ]
                AttributeEnd

                AttributeBegin
                    # rivet::Tube.8
                    ConcatTransform [ 1 -0 -2.66453526e-15 0 -2.29812456e-30 0.323690981 -8.62486058e-16 0 2.66453526e-15 2.66453526e-15 1 0 -3.28572726 -26.1862144 15.2099066 1  ]
                AttributeEnd
            AttributeEnd
        AttributeEnd

        AttributeBegin
            # rivet-3
            ConcatTransform [ 0.321276128 0.0300157126 -0.946509778 0 -0.00746409828 0.999546766 0.0291640647 0 0.946956158 -0.00230487599 0.321354568 0 45.3817902 60.9411469 -819.614197 1  ]

            AttributeBegin
                # rivet::screw three

                AttributeBegin
                    # rivet::Sphere.1
                    ConcatTransform [ 1 1.22464685e-16 -1.22464685e-16 0 -4.18068497e-17 0.341378838 -2.6139847e-16 0 1.22464685e-16 7.65713761e-16 1 0 -3.28572726 -42.4068527 15.2099066 1  ]
                AttributeEnd

                AttributeBegin
                    # rivet::Tube.8
                    ConcatTransform [ 1 -0 -2.66453526e-15 0 -2.29812456e-30 0.323690981 -8.62486058e-16 0 2.66453526e-15 2.66453526e-15 1 0 -3.28572726 -26.1862144 15.2099066 1  ]
                AttributeEnd
            AttributeEnd
        AttributeEnd

        AttributeBegin
            # HyperNURBS
            ConcatTransform [ 0.996740222 -1.4895658e-08 0.0806777999 0 -0.00219235336 0.99963069 0.0270857867 0 -0.000130259577 -4.38909992e-05 0.00160930224 0 0.765452981 -89.0636368 -13.9375248 1  ]

            AttributeBegin
                # Cube
                ConcatTransform [ 1 0 0 0 0 1 0 0 0 0 1 0 4.54747351e-13 -1.09920961e-11 -4.54747351e-13 1  ]
            AttributeEnd

            AttributeBegin
                # Cube
                ConcatTransform [ 1 0 0 0 0 1 0 0 0 0 1 0 4.54747351e-13 -1.09920961e-11 -4.54747351e-13 1  ]
            AttributeEnd
        AttributeEnd
    AttributeEnd

    AttributeBegin
        # hinge
        ConcatTransform [ 0.469615281 -0.150607988 -0.869930267 0 0.257513016 0.965863168 -0.0282030199 0 0.84448123 -0.210773796 0.492367625 0 -4368.00537 2898.51001 1948.64722 1  ]

        AttributeBegin
            # rivet-1
            ConcatTransform [ 0.321276128 0.0300157126 -0.946509778 0 -0.00746409828 0.999546766 0.0291640647 0 0.946956158 -0.00230487599 0.321354568 0 -76.7146683 12.9944983 792.423767 1  ]

            AttributeBegin
                # rivet::screw three

                AttributeBegin
                    # rivet::Sphere.1
                    ConcatTransform [ 1 1.22464685e-16 -1.22464685e-16 0 -4.18068497e-17 0.341378838 -2.6139847e-16 0 1.22464685e-16 7.65713761e-16 1 0 -3.28572726 -42.4068527 15.2099066 1  ]
                AttributeEnd

                AttributeBegin
                    # rivet::Tube.8
                    ConcatTransform [ 1 -0 -2.66453526e-15 0 -2.29812456e-30 0.323690981 -8.62486058e-16 0 2.66453526e-15 2.66453526e-15 1 0 -3.28572726 -26.1862144 15.2099066 1  ]
                AttributeEnd
            AttributeEnd
        AttributeEnd

        AttributeBegin
            # rivet-2
            ConcatTransform [ 0.321276128 0.0300157126 -0.946509778 0 -0.00746409828 0.999546766 0.0291640647 0 0.946956158 -0.00230487599 0.321354568 0 7.04245758 36.507309 8.00014687 1  ]

            AttributeBegin
                # rivet::screw three

                AttributeBegin
                    # rivet::Sphere.1
                    ConcatTransform [ 1 1.22464685e-16 -1.22464685e-16 0 -4.18068497e-17 0.341378838 -2.6139847e-16 0 1.22464685e-16 7.65713761e-16 1 0 -3.28572726 -42.4068527 15.2099066 1  ]
                AttributeEnd

                AttributeBegin
                    # rivet::Tube.8
                    ConcatTransform [ 1 -0 -2.66453526e-15 0 -2.29812456e-30 0.323690981 -8.62486058e-16 0 2.66453526e-15 2.66453526e-15 1 0 -3.28572726 -26.1862144 15.2099066 1  ]
                AttributeEnd
            AttributeEnd
        AttributeEnd

        AttributeBegin
            # rivet-3
            ConcatTransform [ 0.321276128 0.0300157126 -0.946509778 0 -0.00746409828 0.999546766 0.0291640647 0 0.946956158 -0.00230487599 0.321354568 0 45.3817902 60.9411469 -819.614197 1  ]

            AttributeBegin
                # rivet::screw three

                AttributeBegin
                    # rivet::Sphere.1
                    ConcatTransform [ 1 1.22464685e-16 -1.22464685e-16 0 -4.18068497e-17 0.341378838 -2.6139847e-16 0 1.22464685e-16 7.65713761e-16 1 0 -3.28572726 -42.4068527 15.2099066 1  ]
                AttributeEnd

                AttributeBegin
                    # rivet::Tube.8
                    ConcatTransform [ 1 -0 -2.66453526e-15 0 -2.29812456e-30 0.323690981 -8.62486058e-16 0 2.66453526e-15 2.66453526e-15 1 0 -3.28572726 -26.1862144 15.2099066 1  ]
                AttributeEnd
            AttributeEnd
        AttributeEnd

        AttributeBegin
            # HyperNURBS
            ConcatTransform [ 0.996740222 -1.4895658e-08 0.0806777999 0 -0.00219235336 0.99963069 0.0270857867 0 -0.000130259577 -4.38909992e-05 0.00160930224 0 0.765452981 -89.0636368 -13.9375248 1  ]

            AttributeBegin
                # Cube
                ConcatTransform [ 1 0 0 0 0 1 0 0 0 0 1 0 4.54747351e-13 -1.09920961e-11 -4.54747351e-13 1  ]
            AttributeEnd

            AttributeBegin
                # Cube
                ConcatTransform [ 1 0 0 0 0 1 0 0 0 0 1 0 4.54747351e-13 -1.09920961e-11 -4.54747351e-13 1  ]
            AttributeEnd
        AttributeEnd
    AttributeEnd

    AttributeBegin
        # Tube
        ConcatTransform [ -0.12384215 0.0376118347 -0.991588891 0 0.290601134 0.95684427 -5.89112092e-15 0 0.948796153 -0.288156837 -0.129427701 0 -7106.05322 3545.09009 -66.3070068 1  ]

        AttributeBegin
            # Tube
        AttributeEnd
    AttributeEnd

    AttributeBegin
        # Tube.3
        ConcatTransform [ -0.12384215 0.0376118347 -0.991588891 0 0.290601134 0.95684427 -3.14331894e-15 0 0.948796153 -0.288156837 -0.129427701 0 -7119.80713 3499.80322 -66.3070068 1  ]

        AttributeBegin
            # Tube.3
        AttributeEnd
    AttributeEnd

    AttributeBegin
        # Tube.3
        ConcatTransform [ -0.12384215 0.0376118347 -0.991588891 0 0.290601134 0.95684427 -3.26128013e-15 0 0.948796153 -0.288156837 -0.129427701 0 -7118.64014 3503.64722 -66.3070068 1  ]

        AttributeBegin
            # Tube.3
        AttributeEnd
    AttributeEnd

    AttributeBegin
        # arm
        ConcatTransform [ 0.353236079 -0.107280567 0.929362774 0 0.290601134 0.95684427 -1.05471187e-15 0 -0.889255464 0.270073861 0.369167775 0 -1581.16687 3054.23657 73.3896866 1  ]

        AttributeBegin
            # stand1.1
            ConcatTransform [ -0.0223601609 -0.998171926 0.0561505519 0 -0.929046452 6.11204019e-17 -0.36996302 0 0.369286686 -0.0604389049 -0.927348077 0 -1684.71838 1377.38416 1092.76941 1  ]

            AttributeBegin
                # Null
                ConcatTransform [ 0.932209313 3.58971943e-18 -0.361919641 0 0.361764133 0.0293122828 0.93180871 0 0.0106086908 -0.99957031 0.0273251813 0 -259.438385 -1182.13733 -2173.94189 1  ]

                AttributeBegin
                    # Cylinder.13
                    ConcatTransform [ -0.663626969 -0.748063564 -0.00035740438 0 -0.000818918925 0.000248712109 0.999999642 0 -0.748063207 0.663627028 -0.000777655514 0 -885.317566 1981.39502 977.486511 1  ]

                    AttributeBegin
                        # Cylinder.13
                    AttributeEnd
                AttributeEnd

                AttributeBegin
                    # Cylinder.12
                    ConcatTransform [ -0.663626969 -0.748063564 -0.00035740438 0 -0.000818918925 0.000248712109 0.999999642 0 -0.748063207 0.663627028 -0.000777655514 0 -883.745361 1980.91748 -942.388306 1  ]

                    AttributeBegin
                        # Cylinder.12
                    AttributeEnd
                AttributeEnd
            AttributeEnd

            AttributeBegin
                # Tube.6
                ConcatTransform [ 1 0 0 0 0 1 0 0 0 0 1 0 -361.361359 65.1699295 -2.7420578 1  ]

                AttributeBegin
                    # Tube.6
                AttributeEnd
            AttributeEnd

            AttributeBegin
                # screw two.1
                ConcatTransform [ 134.762726 -0 -5.23658367e-14 0 0 134.762726 -0 0 5.23658367e-14 0 134.762726 0 -361.214264 185.157455 -0.312954634 1  ]

                AttributeBegin
                    # screw two::Null
                    ConcatTransform [ 0.00999999978 0 0 0 0 0.00999999978 0 0 0 0 0.00999999978 0 0 0 0 1  ]

                    AttributeBegin
                        # screw two::screw1
                        ConcatTransform [ -0.468768626 -0 0.883320987 0 0 1 0 0 -0.883320987 0 -0.468768626 0 0 -12.6045341 0 1  ]

                        AttributeBegin
                            # screw two::Null
                            ConcatTransform [ 1 0 0 0 0 1 0 0 0 0 1 0 -1.6690166 -136.357574 1.02246797 1  ]

                            AttributeBegin
                                # screw two::Cylinder.1
                                ConcatTransform [ 0.955071986 -3.21624525e-16 0.296373844 0 -1.09687315e-15 -1 2.44950197e-15 0 0.296373844 -2.66453526e-15 -0.955071986 0 -1.0401746 -58.499897 0.637228668 1  ]
                            AttributeEnd

                            AttributeBegin
                                # screw two::Tube.1
                                ConcatTransform [ 1 -0 -2.66453526e-15 0 -7.24765957e-30 1 -2.72004641e-15 0 2.66453526e-15 2.72004641e-15 1 0 1.0401746 58.499897 -0.637228668 1  ]

                                AttributeBegin
                                    # screw two::Tube.1
                                AttributeEnd
                            AttributeEnd

                            AttributeBegin
                                # screw two::Plane
                                ConcatTransform [ 1 -0 -2.66453526e-15 0 -7.24765957e-30 1 -2.72004641e-15 0 2.66453526e-15 2.72004641e-15 1 0 1.0401746 58.499897 -0.637228668 1  ]

                                AttributeBegin
                                    # screw two::Plane
                                AttributeEnd
                            AttributeEnd
                        AttributeEnd
                    AttributeEnd
                AttributeEnd
            AttributeEnd

            AttributeBegin
                # Cylinder
                ConcatTransform [ 1 0 0 0 0 1 0 0 0 0 1 0 -361.214264 -224.13208 -0.312954634 1  ]

                AttributeBegin
                    # Cylinder
                AttributeEnd
            AttributeEnd

            AttributeBegin
                # Tube.5
                ConcatTransform [ 1 0 0 0 0 1 0 0 0 0 1 0 -361.361359 -77.7438889 -2.7420578 1  ]

                AttributeBegin
                    # Tube.5
                AttributeEnd
            AttributeEnd

            AttributeBegin
                # HyperNURBS.4
                ConcatTransform [ -0 -0 0 0 0 1 0 0 -1.22464685e-16 0 -1 0 2637.56372 -70.6350784 8.85208321 1  ]

                AttributeBegin
                    # Cube
                    ConcatTransform [ -1 -0 -1.22464685e-16 0 -0 1 0 0 1.22464685e-16 0 -1 0 831.051025 -1.13759826e-12 -3.06673437e-12 1  ]
                AttributeEnd

                AttributeBegin
                    # Cube
                    ConcatTransform [ -1 -0 -1.22464685e-16 0 -0 1 0 0 1.22464685e-16 0 -1 0 831.051025 -1.13759826e-12 -3.06673437e-12 1  ]
                AttributeEnd
            AttributeEnd

            AttributeBegin
                # wrench
                ConcatTransform [ 1 0 0 0 0 1 0 0 0 0 0.35576424 0 1539.94189 -72.6975021 -0.312954634 1  ]

                AttributeBegin
                    # Cylinder.14
                    ConcatTransform [ 1 -0 1.38777878e-17 0 1.54074396e-33 1 -1.11022302e-16 0 -1.38777878e-17 1.11022302e-16 1 0 -1.58877356e-11 -2.04636308e-12 1.8189894e-12 1  ]
                AttributeEnd

                AttributeBegin
                    # Cylinder.14
                    ConcatTransform [ 1 -0 1.38777878e-17 0 1.54074396e-33 1 -1.11022302e-16 0 -1.38777878e-17 1.11022302e-16 1 0 -1.58877356e-11 -2.04636308e-12 1.8189894e-12 1  ]
                AttributeEnd
            AttributeEnd
        AttributeEnd

        AttributeBegin
            # stand1
            ConcatTransform [ -0.0223601609 -0.998171926 0.0561505519 0 0.929046452 6.11204019e-17 0.36996302 0 -0.369286686 0.0604389049 0.927348077 0 454.576355 1377.38416 1944.67505 1  ]

            AttributeBegin
                # Tube.6
                ConcatTransform [ 1 0 0 0 0 1 0 0 0 0 1 0 -361.361359 65.1699295 -2.7420578 1  ]

                AttributeBegin
                    # Tube.6
                AttributeEnd
            AttributeEnd

            AttributeBegin
                # screw two.1
                ConcatTransform [ 134.762726 -0 -5.23658367e-14 0 0 134.762726 -0 0 5.23658367e-14 0 134.762726 0 -361.214264 185.548996 -0.312954634 1  ]

                AttributeBegin
                    # screw two::Null
                    ConcatTransform [ 0.00999999978 0 0 0 0 0.00999999978 0 0 0 0 0.00999999978 0 0 0 0 1  ]

                    AttributeBegin
                        # screw two::screw1
                        ConcatTransform [ -0.468768626 -0 0.883320987 0 0 1 0 0 -0.883320987 0 -0.468768626 0 0 -12.6045341 0 1  ]

                        AttributeBegin
                            # screw two::Null
                            ConcatTransform [ 1 0 0 0 0 1 0 0 0 0 1 0 -1.6690166 -136.357574 1.02246797 1  ]

                            AttributeBegin
                                # screw two::Cylinder.1
                                ConcatTransform [ 0.955071986 -3.21624525e-16 0.296373844 0 -1.09687315e-15 -1 2.44950197e-15 0 0.296373844 -2.66453526e-15 -0.955071986 0 -1.0401746 -58.499897 0.637228668 1  ]
                            AttributeEnd

                            AttributeBegin
                                # screw two::Tube.1
                                ConcatTransform [ 1 -0 -2.66453526e-15 0 -7.24765957e-30 1 -2.72004641e-15 0 2.66453526e-15 2.72004641e-15 1 0 1.0401746 58.499897 -0.637228668 1  ]

                                AttributeBegin
                                    # screw two::Tube.1
                                AttributeEnd
                            AttributeEnd

                            AttributeBegin
                                # screw two::Plane
                                ConcatTransform [ 1 -0 -2.66453526e-15 0 -7.24765957e-30 1 -2.72004641e-15 0 2.66453526e-15 2.72004641e-15 1 0 1.0401746 58.499897 -0.637228668 1  ]

                                AttributeBegin
                                    # screw two::Plane
                                AttributeEnd
                            AttributeEnd
                        AttributeEnd
                    AttributeEnd
                AttributeEnd
            AttributeEnd

            AttributeBegin
                # Cylinder
                ConcatTransform [ 1 0 0 0 0 1 0 0 0 0 1 0 -361.214264 -224.13208 -0.312954634 1  ]

                AttributeBegin
                    # Cylinder
                AttributeEnd
            AttributeEnd

            AttributeBegin
                # Tube.5
                ConcatTransform [ 1 0 0 0 0 1 0 0 0 0 1 0 -361.361359 -77.7438889 -2.7420578 1  ]

                AttributeBegin
                    # Tube.5
                AttributeEnd
            AttributeEnd

            AttributeBegin
                # HyperNURBS.4
                ConcatTransform [ -0 -0 0 0 0 1 0 0 -1.22464685e-16 0 -1 0 2637.56372 -70.6350784 8.85208321 1  ]

                AttributeBegin
                    # Cube
                    ConcatTransform [ -1 -0 -1.22464685e-16 0 -0 1 0 0 1.22464685e-16 0 -1 0 831.051025 -1.13759826e-12 -3.06673437e-12 1  ]
                AttributeEnd

                AttributeBegin
                    # Cube
                    ConcatTransform [ -1 -0 -1.22464685e-16 0 -0 1 0 0 1.22464685e-16 0 -1 0 831.051025 -1.13759826e-12 -3.06673437e-12 1  ]
                AttributeEnd
            AttributeEnd

            AttributeBegin
                # wrench
                ConcatTransform [ 1 0 0 0 0 1 0 0 0 0 0.35576424 0 1539.94189 -72.6975021 -0.312954634 1  ]

                AttributeBegin
                    # Cylinder.14
                    ConcatTransform [ 1 -0 1.38777878e-17 0 1.54074396e-33 1 -1.11022302e-16 0 -1.38777878e-17 1.11022302e-16 1 0 -1.58877356e-11 -2.04636308e-12 1.8189894e-12 1  ]
                AttributeEnd

                AttributeBegin
                    # Cylinder.14
                    ConcatTransform [ 1 -0 1.38777878e-17 0 1.54074396e-33 1 -1.11022302e-16 0 -1.38777878e-17 1.11022302e-16 1 0 -1.58877356e-11 -2.04636308e-12 1.8189894e-12 1  ]
                AttributeEnd
            AttributeEnd
        AttributeEnd

        AttributeBegin
            # pivot
            ConcatTransform [ -0.221307382 0.800392389 0.557131112 0 -0.295479059 -0.599476457 0.74385488 0 0.929362774 -1.77635684e-15 0.369167775 0 -623.791321 1734.12012 1509.21045 1  ]

            AttributeBegin
                # Cylinder.1
                ConcatTransform [ -0.663626969 -0.748063564 -0.00035740438 0 -0 0 0 0 -0.748063207 0.663627028 -0.000777655514 0 142.590118 -102.367462 -985.188049 1  ]
            AttributeEnd

            AttributeBegin
                # Cylinder.11
                ConcatTransform [ -0.663626969 -0.748063564 -0.00035740438 0 -0 0 0 0 -0.748063207 0.663627028 -0.000777655514 0 18.4449787 -1.63148654 985.645386 1  ]
            AttributeEnd

            AttributeBegin
                # Cylinder.10
                ConcatTransform [ -0.663626969 -0.748063564 -0.00035740438 0 -0 0 0 0 -0.748063207 0.663627028 -0.000777655514 0 19.2303982 -1.87002456 26.5528355 1  ]

                AttributeBegin
                    # Cylinder.10
                AttributeEnd
            AttributeEnd

            AttributeBegin
                # Cylinder.9
                ConcatTransform [ -0.663626969 -0.748063564 -0.00035740438 0 -0.000818918925 0.000248712109 0.999999642 0 -0.748063207 0.663627028 -0.000777655514 0 19.2303982 -1.87002456 26.5528355 1  ]

                AttributeBegin
                    # Cylinder.9
                AttributeEnd
            AttributeEnd

            AttributeBegin
                # Cylinder.8
                ConcatTransform [ -0.663626969 -0.748063564 -0.00035740438 0 -0.000818918925 0.000248712109 0.999999642 0 -0.748063207 0.663627028 -0.000777655514 0 19.2303982 -1.87002456 26.5528355 1  ]

                AttributeBegin
                    # Cylinder.8
                AttributeEnd
            AttributeEnd

            AttributeBegin
                # Cube
                ConcatTransform [ -0.106180318 -0.119690172 -5.71847013e-05 0 -6.55135154e-05 1.98969701e-05 0.0799999684 0 -0.748063207 0.663627028 -0.000777655514 0 775.789368 -564.421143 27.3123093 1  ]
            AttributeEnd

            AttributeBegin
                # plate
                ConcatTransform [ -0.663626969 -0.748063564 -0.00035740438 0 -0.000818918925 0.000248712109 0.999999642 0 -0.748063207 0.663627028 -0.000777655514 0 736.519226 -599.095337 27.2887745 1  ]

                AttributeBegin
                    # HyperNURBS.2-cutter

                    AttributeBegin
                        # HyperNURBS.2
                        ConcatTransform [ 1.22708642 -0 6.81169801e-17 0 0 1 0 0 -5.55111512e-17 0 1 0 -3.86535248e-12 -2.27373675e-13 3.63797881e-12 1  ]

                        AttributeBegin
                            # Cube.1
                            ConcatTransform [ 0.100000001 -0 1.11022304e-17 0 1.23259516e-32 1 -1.11022302e-16 0 -1.11022302e-16 1.11022302e-16 1 0 1.31876732e-11 -4.32009983e-12 4.54747351e-13 1  ]
                            # Unknown material VrayAdvancedMaterial"
                        AttributeEnd
                    AttributeEnd

                    AttributeBegin
                        # cutter
                        ConcatTransform [ 5.45682383 -0 0 0 0 4.44697618 3.55473734e-13 0 -0 -3.55473734e-13 4.44697618 0 1.38580258e-11 1.77742709e-10 -2292.6272 1  ]
                        # Unknown material VrayAdvancedMaterial"
                    AttributeEnd
                AttributeEnd

                AttributeBegin
                    # HyperNURBS.2
                    ConcatTransform [ 1.22708642 -0 6.81169801e-17 0 0 1 0 0 -5.55111512e-17 0 1 0 -3.86535248e-12 -2.27373675e-13 3.63797881e-12 1  ]

                    AttributeBegin
                        # Cube.1
                        ConcatTransform [ 0.100000001 -0 1.11022304e-17 0 1.23259516e-32 1 -1.11022302e-16 0 -1.11022302e-16 1.11022302e-16 1 0 1.31876732e-11 -4.32009983e-12 4.54747351e-13 1  ]
                    AttributeEnd

                    AttributeBegin
                        # Cube.1
                        ConcatTransform [ 0.100000001 -0 1.11022304e-17 0 1.23259516e-32 1 -1.11022302e-16 0 -1.11022302e-16 1.11022302e-16 1 0 1.31876732e-11 -4.32009983e-12 4.54747351e-13 1  ]
                    AttributeEnd
                AttributeEnd

                AttributeBegin
                    # cutter
                    ConcatTransform [ 5.45682383 -0 0 0 0 4.44697618 3.55473734e-13 0 -0 -3.55473734e-13 4.44697618 0 1.38580258e-11 1.77742709e-10 -2292.6272 1  ]

                    AttributeBegin
                        # cutter
                    AttributeEnd
                AttributeEnd
            AttributeEnd

            AttributeBegin
                # Boole.1
                ConcatTransform [ -0.290601134 -0.95684427 1.80600977e-15 0 -0.000818918925 0.000248712109 0.999999642 0 -0.956843913 0.290601015 -0.000855853956 0 2229.57178 -1775.73682 28.8041096 1  ]

                AttributeBegin
                    # HyperNURBS-cutter

                    AttributeBegin
                        # HyperNURBS
                        ConcatTransform [ 1 0 0 0 0 0.300000012 0 0 0 0 1 0 0 0 0 1  ]

                        AttributeBegin
                            # Cube.1
                            ConcatTransform [ 0.908631086 -0 0.417599738 0 2.31814422e-17 1 -5.04391576e-17 0 -0.417599738 5.55111512e-17 0.908631086 0 -46.6433487 0 241.88295 1  ]
                        AttributeEnd
                    AttributeEnd

                    AttributeBegin
                        # cutter
                        ConcatTransform [ 0.908631086 -0 0.417599738 0 1.33525105e-14 1 -2.90529557e-14 0 -0.417599738 3.19744231e-14 0.908631086 0 555.440674 -5.09582376e-11 -1313.20679 1  ]
                    AttributeEnd
                AttributeEnd

                AttributeBegin
                    # HyperNURBS
                    ConcatTransform [ 1 0 0 0 0 0.300000012 0 0 0 0 1 0 0 0 0 1  ]

                    AttributeBegin
                        # Cube.1
                        ConcatTransform [ 0.908631086 -0 0.417599738 0 2.31814422e-17 1 -5.04391576e-17 0 -0.417599738 5.55111512e-17 0.908631086 0 -46.6433487 0 241.88295 1  ]
                    AttributeEnd

                    AttributeBegin
                        # Cube.1
                        ConcatTransform [ 0.908631086 -0 0.417599738 0 2.31814422e-17 1 -5.04391576e-17 0 -0.417599738 5.55111512e-17 0.908631086 0 -46.6433487 0 241.88295 1  ]
                    AttributeEnd
                AttributeEnd

                AttributeBegin
                    # cutter
                    ConcatTransform [ 0.908631086 -0 0.417599738 0 1.33525105e-14 1 -2.90529557e-14 0 -0.417599738 3.19744231e-14 0.908631086 0 555.440674 -5.09582376e-11 -1313.20679 1  ]

                    AttributeBegin
                        # cutter
                    AttributeEnd
                AttributeEnd
            AttributeEnd

            AttributeBegin
                # rivet-1.1
                ConcatTransform [ -0.711180091 -1.16985798 0.127593696 0 0.30447337 -0.326927036 -1.30039978 0 1.13672507 -0.644341528 0.428141534 0 3002.4292 -2503.41602 -2606.14966 1  ]

                AttributeBegin
                    # rivet::screw three
                    ConcatTransform [ 1 0 0 0 0 1 0 0 0 0 1 0 1.13686838e-13 -1.13686838e-13 1.8189894e-12 1  ]

                    AttributeBegin
                        # rivet::Sphere.1
                        ConcatTransform [ 1 1.22464685e-16 -1.22464685e-16 0 -4.18068497e-17 0.341378838 -2.6139847e-16 0 1.22464685e-16 7.65713761e-16 1 0 -3.28572726 -42.4068527 15.2099066 1  ]
                    AttributeEnd

                    AttributeBegin
                        # rivet::Tube.8
                        ConcatTransform [ 1 -0 -2.66453526e-15 0 -2.29812456e-30 0.323690981 -8.62486058e-16 0 2.66453526e-15 2.66453526e-15 1 0 -3.28572726 -26.1862144 15.2099066 1  ]
                    AttributeEnd
                AttributeEnd
            AttributeEnd

            AttributeBegin
                # rivet-1
                ConcatTransform [ -0.639134347 -1.2069993 -0.119586118 0 0.273616493 -0.275166571 1.31493664 0 -1.18164384 0.589132369 0.369163603 0 2953.79297 -2470.15308 2684.98511 1  ]

                AttributeBegin
                    # rivet::screw three
                    ConcatTransform [ 1 0 0 0 0 1 0 0 0 0 1 0 1.13686838e-13 -1.13686838e-13 1.8189894e-12 1  ]

                    AttributeBegin
                        # rivet::Sphere.1
                        ConcatTransform [ 1 1.22464685e-16 -1.22464685e-16 0 -4.18068497e-17 0.341378838 -2.6139847e-16 0 1.22464685e-16 7.65713761e-16 1 0 -3.28572726 -42.4068527 15.2099066 1  ]
                    AttributeEnd

                    AttributeBegin
                        # rivet::Tube.8
                        ConcatTransform [ 1 -0 -2.66453526e-15 0 -2.29812456e-30 0.323690981 -8.62486058e-16 0 2.66453526e-15 2.66453526e-15 1 0 -3.28572726 -26.1862144 15.2099066 1  ]
                    AttributeEnd
                AttributeEnd
            AttributeEnd

            AttributeBegin
                # Cylinder.7
                ConcatTransform [ -0.290601134 -0.95684427 1.80611819e-15 0 -0 0 0 0 -0.956843913 0.290601015 -0.000855853956 0 2935.34644 -2485.62817 -2398.64917 1  ]
            AttributeEnd

            AttributeBegin
                # Cylinder.6
                ConcatTransform [ -0.290601134 -0.95684427 1.8061724e-15 0 -0 0 0 0 -0.956843913 0.290601015 -0.000855853956 0 2931.25391 -2484.38525 2598.70728 1  ]
            AttributeEnd

            AttributeBegin
                # SMALLER
                ConcatTransform [ -0.0970607772 -0.319585979 6.03261577e-16 0 -0.000273518934 8.30698482e-05 0.333999872 0 -0.31958586 0.09706074 -0.000285855203 0 2913.37158 -2516.82324 -1080.56372 1  ]

                AttributeBegin
                    # SMALLER
                AttributeEnd
            AttributeEnd

            AttributeBegin
                # BIGGER
                ConcatTransform [ -0.0970607772 -0.319585979 6.03243471e-16 0 -0.000273518934 8.30698482e-05 0.333999872 0 -0.31958586 0.09706074 -0.000285855203 0 2913.35522 -2516.81836 -1060.76941 1  ]

                AttributeBegin
                    # BIGGER
                AttributeEnd
            AttributeEnd

            AttributeBegin
                # BIGGER
                ConcatTransform [ -0.0935735628 -0.308103859 5.81587539e-16 0 -0.000263691909 8.00853013e-05 0.321999878 0 -0.30810374 0.093573533 -0.000275584956 0 2911.35474 -2516.21069 1382.04382 1  ]

                AttributeBegin
                    # BIGGER
                AttributeEnd
            AttributeEnd

            AttributeBegin
                # SMALLER
                ConcatTransform [ -0.0935735628 -0.308103859 5.81587539e-16 0 -0.000263691909 8.00853013e-05 0.321999878 0 -0.30810374 0.093573533 -0.000275584956 0 2911.33936 -2516.20605 1400.98071 1  ]

                AttributeBegin
                    # SMALLER
                AttributeEnd
            AttributeEnd

            AttributeBegin
                # Boole.2
                ConcatTransform [ -0.290601134 -0.95684427 1.80611819e-15 0 -0.000818918925 0.000248712109 0.999999642 0 -0.956843913 0.290601015 -0.000855853956 0 2912.49561 -2516.55713 -10.9175148 1  ]

                AttributeBegin
                    # Cylinder-Cube.1

                    AttributeBegin
                        # Cylinder
                        ConcatTransform [ 1 0 0 0 0 1 0 0 0 0 1 0 0 0 0 1  ]
                    AttributeEnd

                    AttributeBegin
                        # Cube.1
                        ConcatTransform [ 1 0 0 0 0 1 0 0 0 0 1 0 5.36944621e-11 4.54747351e-13 0 1  ]
                    AttributeEnd
                AttributeEnd

                AttributeBegin
                    # Cylinder
                    ConcatTransform [ 1 0 0 0 0 1 0 0 0 0 1 0 0 0 0 1  ]
                AttributeEnd

                AttributeBegin
                    # Cube.1
                    ConcatTransform [ 1 0 0 0 0 1 0 0 0 0 1 0 5.36944621e-11 4.54747351e-13 0 1  ]

                    AttributeBegin
                        # Cube.1
                    AttributeEnd
                AttributeEnd
            AttributeEnd

            AttributeBegin
                # pivot
                ConcatTransform [ 0.165385231 0.986229062 2.25565349e-18 0 -0.986229062 0.165385231 -1.34509643e-17 0 -1.36387839e-17 0 1 0 3073.5564 -2455.08691 232.225983 1  ]

                AttributeBegin
                    # HyperNURBS.1
                    ConcatTransform [ 0.981817305 -0.183249906 0.0495398156 0 0.183057681 0.983066022 0.00842876267 0 -0.0502454787 0.00079313817 0.99873656 0 -5454.01074 -3480.66504 -444.665985 1  ]

                    AttributeBegin
                        # Cylinder3
                        ConcatTransform [ 0.150180176 0.988656521 -0.00205074809 0 -0.197712868 0.0300388355 0.00269981893 0 0.0136539787 1.6479873e-16 0.999906778 0 4859.87305 559.93103 -602.974548 1  ]
                    AttributeEnd

                    AttributeBegin
                        # Cylinder3
                        ConcatTransform [ 0.150180176 0.988656521 -0.00205074809 0 -0.197712868 0.0300388355 0.00269981893 0 0.0136539787 1.6479873e-16 0.999906778 0 4859.87305 559.93103 -602.974548 1  ]
                    AttributeEnd
                AttributeEnd

                AttributeBegin
                    # HyperNURBS
                    ConcatTransform [ 0.981817305 -0.183249906 0.0495398156 0 0.183057681 0.983066022 0.00842876267 0 -0.0502454787 0.00079313817 0.99873656 0 -5309.37646 -2703.94312 -438.006409 1  ]

                    AttributeBegin
                        # Cylinder2
                        ConcatTransform [ 0.150180176 0.988656521 -0.00205074809 0 -0.197712868 0.0300388355 0.00269981893 0 0.0136539787 1.6479873e-16 0.999906778 0 4859.87305 559.93103 -602.974548 1  ]
                    AttributeEnd

                    AttributeBegin
                        # Cylinder2
                        ConcatTransform [ 0.150180176 0.988656521 -0.00205074809 0 -0.197712868 0.0300388355 0.00269981893 0 0.0136539787 1.6479873e-16 0.999906778 0 4859.87305 559.93103 -602.974548 1  ]
                    AttributeEnd
                AttributeEnd

                AttributeBegin
                    # HyperNURBS.2
                    ConcatTransform [ 0.981817305 -0.183249906 0.0495398156 0 0.183057681 0.983066022 0.00842876267 0 -0.0502454787 0.00079313817 0.99873656 0 -5223.19922 -1808.26941 -375.544983 1  ]

                    AttributeBegin
                        # Cylinder1
                        ConcatTransform [ 0.150180176 0.988656521 -0.00205074809 0 -0.197712868 0.0300388355 0.00269981893 0 0.0136539787 1.6479873e-16 0.999906778 0 4859.87305 559.93103 -602.974548 1  ]
                    AttributeEnd

                    AttributeBegin
                        # Cylinder1
                        ConcatTransform [ 0.150180176 0.988656521 -0.00205074809 0 -0.197712868 0.0300388355 0.00269981893 0 0.0136539787 1.6479873e-16 0.999906778 0 4859.87305 559.93103 -602.974548 1  ]
                    AttributeEnd
                AttributeEnd

                AttributeBegin
                    # Boole
                    ConcatTransform [ 0.878574193 -0.266829878 0.396117687 0 0.290601134 0.95684427 -1.62370117e-15 0 -0.379022956 0.115112245 0.918199718 0 -7895.17773 -1091.52625 -349.346069 1  ]

                    AttributeBegin
                        # HyperNURBS-Cube

                        AttributeBegin
                            # HyperNURBS
                            ConcatTransform [ 1 0 0 0 0 1 0 0 0 0 1 0 0 0 0 1  ]

                            AttributeBegin
                                # Cylinder
                                ConcatTransform [ 1 -0 0 0 0 1 -9.86076132e-32 0 -0 9.86076132e-32 1 0 -1.91846539e-12 6.72096046e-14 -1.3500312e-12 1  ]
                                # Unknown material VrayAdvancedMaterial"
                            AttributeEnd
                        AttributeEnd

                        AttributeBegin
                            # Cube
                            ConcatTransform [ 0.86965692 0.316242397 -0.379061431 0 -0.289900541 0.948678434 0.126360312 0 0.399567872 0 0.916703582 0 5820.96582 -853.318848 -3545.04785 1  ]
                            # Unknown material VrayAdvancedMaterial"
                        AttributeEnd
                    AttributeEnd

                    AttributeBegin
                        # HyperNURBS
                        ConcatTransform [ 1 0 0 0 0 1 0 0 0 0 1 0 0 0 0 1  ]

                        AttributeBegin
                            # Cylinder
                            ConcatTransform [ 1 -0 0 0 0 1 -9.86076132e-32 0 -0 9.86076132e-32 1 0 -1.91846539e-12 6.72096046e-14 -1.3500312e-12 1  ]
                        AttributeEnd

                        AttributeBegin
                            # Cylinder
                            ConcatTransform [ 1 -0 0 0 0 1 -9.86076132e-32 0 -0 9.86076132e-32 1 0 -1.91846539e-12 6.72096046e-14 -1.3500312e-12 1  ]
                        AttributeEnd
                    AttributeEnd

                    AttributeBegin
                        # Cube
                        ConcatTransform [ 0.86965692 0.316242397 -0.379061431 0 -0.289900541 0.948678434 0.126360312 0 0.399567872 0 0.916703582 0 5820.96582 -853.318848 -3545.04785 1  ]

                        AttributeBegin
                            # Cube
                        AttributeEnd
                    AttributeEnd
                AttributeEnd
            AttributeEnd
        AttributeEnd
    AttributeEnd
AttributeEnd
ObjectEnd

AttributeBegin
    ObjectBegin "hugebrack 0"

    AttributeBegin
        # rivet.1
        ConcatTransform [ 0.0499863811 3.30876877e-17 0.540362954 0 0.540362954 -3.06078313e-18 -0.0499863811 0 -4.06937336e-33 0.542670012 -3.32289569e-17 0 -165.070251 1718.81934 -1378.78662 1  ]

        AttributeBegin
            # rivet::screw three

            AttributeBegin
                # rivet::Sphere.1
                ConcatTransform [ 1 1.22464685e-16 -1.22464685e-16 0 -4.18068497e-17 0.341378838 -2.6139847e-16 0 1.22464685e-16 7.65713761e-16 1 0 -3.28572726 -42.4068527 15.2099066 1  ]
            AttributeEnd

            AttributeBegin
                # rivet::Tube.8
                ConcatTransform [ 1 -0 -2.66453526e-15 0 -2.29812456e-30 0.323690981 -8.62486058e-16 0 2.66453526e-15 2.66453526e-15 1 0 -3.28572726 -26.1862144 15.2099066 1  ]
            AttributeEnd
        AttributeEnd
    AttributeEnd

    AttributeBegin
        # rivet
        ConcatTransform [ 0.0499863811 3.30876877e-17 0.540362954 0 0.540362954 -3.06078313e-18 -0.0499863811 0 -4.06937336e-33 0.542670012 -3.32289569e-17 0 166.234482 1718.81934 -1035.12598 1  ]

        AttributeBegin
            # rivet::screw three

            AttributeBegin
                # rivet::Sphere.1
                ConcatTransform [ 1 1.22464685e-16 -1.22464685e-16 0 -4.18068497e-17 0.341378838 -2.6139847e-16 0 1.22464685e-16 7.65713761e-16 1 0 -3.28572726 -42.4068527 15.2099066 1  ]
            AttributeEnd

            AttributeBegin
                # rivet::Tube.8
                ConcatTransform [ 1 -0 -2.66453526e-15 0 -2.29812456e-30 0.323690981 -8.62486058e-16 0 2.66453526e-15 2.66453526e-15 1 0 -3.28572726 -26.1862144 15.2099066 1  ]
            AttributeEnd
        AttributeEnd
    AttributeEnd

    AttributeBegin
        # Null.4
        ConcatTransform [ 0.995050788 6.08451228e-18 -0.099367626 0 -0.099367626 6.09292901e-17 -0.995050788 0 -0 1 6.12323426e-17 0 167.95256 1750.69055 -1264.18335 1  ]

        AttributeBegin
            # nut
            ConcatTransform [ -0.0174256209 -0.0292475168 -0.541601062 0 0.535067081 0.0878169239 -0.0219576806 0 0.0888273567 -0.534718156 0.0260178726 0 -301.514343 161.565689 -103.863388 1  ]
        AttributeEnd

        AttributeBegin
            # Null
            ConcatTransform [ 1 -0 7.70371978e-34 0 0 1 0 0 -7.70371978e-34 0 1 0 -0.145194545 -2.22771478 241.633698 1  ]

